2  2  2  2  2  2  2  2  2  2  3  2  3  2  2  3  3  2  2  2  2  3  2  1  2  3  2  2  2  3  2  2  2  2  2  3  2  2  2  3  2  3  2  1  3  2  2  3  1  1  2  1  1  1  3  2  3  1  3  2  2  3  2  2  2  3  1  1  2  2  1  3  2  2  2  2  2  1  1  2  2  1  2  2  2  2  0Q 1  2  2  2  2  1  1  2  2  2  2  1  2  
2  2  2  2  2  2  2  2  2  3  2  3  2  2  3  2  2  3  2  2  3  2  2  2  2  2  2  2  3  3  2  1  0Q 2  2  2  3  3  2  2  3  1  2  3  1  3  3  1  2  1  1  2  1  2  2  3  1  3  2  2  2  3  3  2  2  1  2  2  1  1  3  2  2  2  3  2  1  1  2  2  1  2  2  2  2  2  1  3  2  2  2  1  1  2  2  2  2  1  2  2  
2  2  2  2  2  2  2  2  3  2  3  2  2  3  2  2  2  2  3  3  2  2  2  3  2  1  2  0Q 3  2  2  3  1  3  2  2  3  3  3  2  1  2  2  2  3  2  2  2  1  2  1  1  3  2  2  1  3  2  2  2  3  2  3  3  1  1  2  2  1  2  2  2  2  3  2  2  1  2  2  1  2  2  2  2  2  1  2  2  3  2  1  1  2  2  2  2  1  2  2  2  
2  2  2  2  2  2  2  3  2  3  2  2  3  2  2  2  2  2  3  3  2  2  3  2  2  2  2  3  2  2  3  2  3  1  3  3  2  3  0Q 2  1  2  2  2  3  2  1  2  2  1  2  2  2  3  1  2  2  2  2  3  2  3  2  2  2  2  1  1  3  2  1  2  3  2  2  1  3  2  1  2  2  2  2  2  1  2  2  2  2  2  1  2  2  2  2  1  2  2  2  2  
2  2  2  2  2  2  3  2  3  2  2  3  2  2  2  2  2  0Q 2  2  3  3  2  2  2  3  3  1  2  3  2  3  2  3  2  3  3  2  2  2  3  1  2  3  1  2  2  1  2  2  2  3  2  1  3  2  1  2  3  2  3  2  2  1  3  2  1  2  2  2  2  2  2  2  1  3  2  2  2  2  2  2  2  1  2  2  2  2  1  1  3  2  2  2  1  2  2  2  2  1  
2  2  2  2  2  3  2  3  2  2  3  2  2  2  2  2  3  2  2  2  3  3  2  2  3  3  2  2  2  2  3  2  3  3  3  2  3  2  1  3  2  0Q 2  1  2  1  2  2  1  3  3  2  2  2  2  2  2  2  2  3  2  2  1  3  1  2  3  2  1  2  3  2  1  1  3  2  2  2  3  2  2  2  1  2  2  2  2  1  1  2  2  3  2  1  2  2  2  2  1  2  
3  2  2  2  0Q 2  3  2  2  3  2  2  2  2  2  3  2  2  2  3  2  2  3  3  3  2  2  3  2  2  2  3  3  3  3  3  1  2  3  1  3  3  2  1  1  2  1  2  3  2  3  2  2  3  1  2  3  2  2  2  2  1  3  1  2  2  3  2  2  2  2  2  1  2  2  2  2  3  2  3  2  1  2  2  2  2  1  1  2  2  2  2  2  2  2  2  2  1  2  2  
2  3  2  3  2  3  2  2  0Q 2  2  2  2  2  3  2  2  2  3  2  2  2  3  4  2  2  3  2  3  2  2  3  3  3  3  2  2  2  2  3  2  2  2  2  1  1  2  2  3  3  1  3  3  1  3  2  2  3  2  1  1  3  1  2  2  3  1  3  3  2  1  1  3  2  1  2  3  2  3  2  2  2  2  2  2  1  1  2  2  2  2  1  2  3  2  2  1  2  2  2  
2  2  4  2  3  2  2  3  2  2  2  2  2  3  2  2  2  3  2  2  2  3  3  2  3  3  2  3  2  3  3  2  3  3  2  2  3  2  2  3  2  1  2  2  2  1  2  3  2  2  3  2  2  3  2  3  2  2  2  1  2  1  2  2  3  1  3  2  3  2  1  2  2  2  2  2  2  0Q 2  2  2  3  2  2  1  1  2  2  2  2  1  2  2  2  3  1  2  2  2  2  
2  3  2  4  2  2  3  2  2  2  2  2  3  2  2  2  3  2  2  2  3  3  2  2  3  3  3  2  3  3  3  3  2  2  2  0Q 2  3  3  1  2  2  1  2  2  3  2  2  2  2  3  2  2  3  3  2  3  1  1  3  1  1  2  3  1  3  2  3  1  2  3  2  1  2  3  2  2  2  2  2  3  2  3  1  1  2  2  2  2  1  2  2  2  2  1  3  2  2  2  2  
3  2  3  2  3  3  2  2  2  2  2  3  2  2  2  3  2  2  2  3  3  2  2  3  2  3  3  3  3  3  3  3  2  1  3  2  3  0Q 2  2  1  2  2  1  3  3  3  1  2  3  1  3  3  2  3  3  1  2  2  1  2  2  2  1  3  2  3  1  2  2  3  2  2  2  2  3  2  1  2  3  2  3  1  2  2  2  2  2  1  2  2  2  2  1  2  2  3  2  2  2  
2  0Q 2  2  3  3  2  2  2  2  3  2  2  2  3  2  2  2  3  3  2  2  3  2  3  2  3  4  3  3  3  2  2  3  1  3  3  2  2  2  2  1  2  3  2  3  2  3  2  1  3  2  3  3  2  2  2  2  2  1  2  3  1  2  2  3  1  2  2  3  1  3  3  2  2  2  2  2  2  2  3  1  2  2  3  2  2  1  2  2  2  2  1  2  2  2  2  3  2  2  
3  2  2  3  2  2  3  2  2  3  2  2  2  3  2  2  2  3  3  2  2  3  2  3  2  3  3  3  4  3  2  2  3  2  3  2  2  2  2  2  2  2  2  3  3  1  3  3  2  2  2  3  2  3  2  1  3  2  1  3  2  1  3  2  2  1  2  2  3  1  3  2  3  3  2  1  2  3  2  2  1  2  2  3  2  0Q 1  2  2  2  2  1  2  2  2  2  2  2  3  2  
2  2  3  2  2  2  2  3  3  2  2  2  3  2  2  2  3  3  2  2  3  2  3  2  3  3  3  3  3  3  2  3  2  3  3  2  1  2  2  2  2  3  3  2  2  0Q 2  2  3  3  2  2  3  1  2  3  1  2  3  2  2  2  2  3  1  1  2  3  1  3  2  3  2  3  2  2  2  2  3  1  1  2  3  2  3  1  3  2  2  2  1  2  2  2  2  2  2  2  2  3  
2  3  2  2  2  2  2  3  3  2  2  3  2  2  2  3  3  2  2  3  2  3  2  3  3  3  3  3  2  2  4  2  3  3  2  2  2  1  2  2  3  3  3  2  2  3  2  2  3  3  3  2  1  2  2  2  2  2  3  2  2  3  2  1  2  2  2  1  3  2  3  2  3  1  3  0Q 2  2  1  2  2  2  2  3  1  3  2  3  2  1  2  2  2  2  2  2  2  2  2  2  
3  2  2  2  2  2  3  2  2  3  3  2  2  2  3  3  2  2  3  2  3  2  3  3  3  3  3  2  2  3  2  4  3  2  2  2  2  2  1  3  3  3  2  3  3  1  3  3  2  3  3  2  1  2  2  1  0Q 3  1  3  3  2  2  1  2  3  1  2  2  3  2  3  1  3  2  3  3  1  1  2  3  2  2  1  3  2  3  2  2  2  2  2  2  2  2  2  2  2  2  2  
2  2  2  2  2  3  2  2  2  3  3  2  2  3  3  2  2  3  2  0Q 2  3  3  3  3  3  2  2  3  2  3  3  3  2  2  2  2  2  3  2  3  2  3  3  2  3  2  3  3  2  2  2  3  1  1  3  2  2  3  2  3  2  1  3  2  1  3  2  2  2  3  1  3  2  3  2  2  2  2  2  2  3  1  2  2  3  2  2  2  3  2  2  2  2  2  2  2  2  2  2  
2  2  2  2  3  2  2  2  3  2  2  3  3  3  2  2  3  2  3  2  3  3  3  3  3  2  2  3  2  3  3  2  2  3  2  2  2  3  3  3  1  3  3  2  3  3  3  2  3  2  1  0Q 2  2  2  2  2  2  3  3  1  2  3  2  2  2  2  3  2  2  1  3  2  3  2  2  1  3  3  2  2  1  3  2  2  2  2  2  3  2  3  2  2  2  2  2  2  2  2  2  
2  2  2  3  2  2  2  3  2  2  2  3  4  2  2  3  2  3  2  3  0Q 3  3  3  2  2  3  2  3  3  2  2  2  2  3  2  3  3  3  2  3  2  2  3  3  3  3  3  1  2  3  1  2  3  3  1  2  3  2  2  2  2  3  2  2  3  2  2  3  1  2  2  3  2  2  1  3  2  3  3  1  2  2  3  2  1  2  3  2  3  2  3  2  2  2  2  2  2  2  2  
2  2  3  2  2  2  0Q 2  2  2  3  3  2  3  3  2  3  2  3  3  3  3  3  2  2  3  2  3  3  2  2  2  2  2  2  4  3  3  2  3  3  2  2  3  3  3  3  2  2  2  2  2  2  3  2  3  2  2  2  1  3  3  1  3  3  2  3  2  1  3  2  2  2  2  1  3  2  3  2  2  3  2  2  2  2  2  2  2  3  2  3  2  3  2  2  2  2  2  2  2  
2  3  2  2  2  3  2  2  2  3  3  2  2  3  3  3  2  3  3  3  3  3  2  2  3  2  3  3  2  2  2  2  2  2  3  3  1Q 2  3  3  2  3  3  2  3  3  2  2  3  2  1  3  3  1  3  3  3  1  1  3  2  2  3  2  3  3  2  2  2  2  3  2  1  1  3  2  3  2  2  2  3  3  2  1  2  3  2  2  2  3  2  3  2  3  2  2  2  2  2  2  
3  2  2  2  3  2  2  2  3  3  2  2  3  2  3  3  0Q 3  3  3  3  2  2  3  2  3  3  2  2  2  2  2  2  3  3  3  2  4  3  2  3  3  3  3  2  2  2  3  2  2  3  2  2  3  2  3  2  2  2  2  2  2  3  3  2  3  2  2  3  2  2  2  1  2  2  3  2  2  2  3  2  3  2  2  2  2  3  2  2  2  3  2  3  2  3  2  2  2  2  2  
2  2  2  3  2  2  2  3  3  2  2  3  2  3  2  3  4  3  3  3  2  2  3  2  3  3  2  2  2  2  2  2  3  3  3  2  3  3  3  3  3  3  3  3  2  1  3  2  2  3  3  2  2  3  3  1  2  3  3  1  2  0Q 2  3  3  1  3  3  2  3  1  1  3  2  2  2  2  2  3  2  3  1  3  3  2  2  2  3  2  2  2  3  2  3  2  3  2  2  2  2  
2  2  3  2  2  2  3  3  2  2  3  2  3  2  3  3  3  4  3  2  2  3  2  3  3  2  2  2  2  2  2  3  3  3  2  3  3  2  3  4  3  3  3  2  2  3  1  2  3  3  2  3  3  2  2  2  2  3  2  3  2  2  3  2  2  3  2  3  3  1  2  2  2  3  2  1  2  3  2  0Q 1  3  2  3  3  2  2  2  3  2  2  2  3  2  3  2  3  2  2  2  
2  3  2  2  2  3  3  2  2  3  2  3  2  3  3  3  3  3  3  2  3  2  3  3  2  2  2  2  2  2  3  3  3  2  3  3  2  3  3  3  4  3  2  2  3  2  2  2  3  2  3  3  3  2  1  3  3  1  3  3  3  2  2  2  2  3  3  2  2  2  2  3  2  2  2  2  2  2  3  1  3  2  3  2  3  3  2  2  2  3  2  2  2  3  2  0Q 2  3  2  2  
3  2  2  2  3  3  2  2  3  2  3  2  3  3  3  3  3  2  2  4  2  3  3  2  2  2  2  2  2  3  3  3  2  3  3  2  3  3  3  3  3  3  2  3  2  2  3  0Q 1  3  3  3  2  2  3  2  2  3  2  3  3  3  1  2  3  2  3  2  1  3  3  2  3  1  2  3  2  2  1  3  2  3  2  3  2  3  3  2  2  2  3  2  2  2  3  2  3  2  3  2  
2  2  2  3  3  2  2  3  2  3  2  3  3  3  3  3  2  2  3  2  4  3  2  2  2  2  2  2  3  3  3  2  3  3  2  3  3  3  3  3  2  2  4  2  2  3  3  2  3  2  3  2  2  3  3  2  2  3  3  2  3  2  3  2  2  3  1  2  3  2  3  3  1  3  2  2  3  1  2  2  3  2  3  2  3  2  3  3  2  2  2  0Q 2  2  2  3  2  3  2  3  
2  2  3  0Q 2  2  3  2  3  2  3  3  3  3  3  2  2  3  2  3  3  3  2  2  2  2  2  3  3  3  2  3  3  2  3  3  3  3  3  2  2  3  2  3  3  3  2  3  3  3  1  2  3  3  2  3  3  2  3  3  1  3  3  3  2  1  2  2  3  3  2  2  3  2  3  2  1  3  2  2  2  3  2  3  2  3  2  3  3  2  2  2  3  2  2  2  3  2  3  1  
2  3  3  2  2  3  2  3  2  3  3  3  3  3  2  2  3  2  3  3  2  2  3  2  2  2  3  3  3  2  3  3  2  3  3  3  3  3  2  2  3  2  2  3  4  2  3  3  3  2  2  2  3  2  3  3  3  3  2  2  3  2  3  3  2  1  2  3  2  3  2  2  3  3  2  2  2  2  3  2  2  2  3  2  3  2  3  2  0Q 3  2  2  2  3  2  2  2  3  1  2  
3  3  2  2  3  2  3  2  3  3  3  3  3  2  2  3  2  3  3  2  2  2  2  3  2  3  0Q 3  2  3  3  2  3  3  3  3  3  2  2  3  2  2  3  3  2  4  3  3  2  2  3  3  1  3  3  3  3  3  2  2  3  3  2  2  2  3  2  2  3  1  3  3  2  3  2  2  3  2  2  3  2  2  2  3  2  3  2  3  2  3  3  2  2  2  3  2  2  1  2  2  
2  2  2  3  2  3  2  3  3  3  3  3  2  2  3  2  3  3  2  2  2  2  2  2  4  3  3  2  3  3  2  3  3  3  3  3  2  2  3  2  2  3  3  2  3  3  4  2  2  3  3  2  3  2  3  3  3  2  3  3  2  3  2  1  3  3  3  2  1  3  2  3  3  1  3  3  2  3  2  2  0Q 2  2  2  3  2  3  2  3  2  3  3  2  2  2  3  1  1  2  2  
2  2  4  3  4  3  4  4  4  4  4  3  3  4  3  4  4  3  3  3  3  3  3  1Q 4  5  3  4  4  3  4  4  4  4  4  3  3  4  3  3  4  4  3  4  4  4  3  4  4  4  3  4  4  4  3  4  3  4  4  4  4  2  3  4  3  4  4  3  3  3  4  3  3  4  3  4  4  3  4  3  3  4  3  3  3  4  3  4  3  1Q 3  4  4  3  3  2  3  3  2  3  
2  2  1  3  2  3  3  3  3  3  2  2  3  2  3  3  2  2  2  2  2  2  3  3  3  2  4  3  2  3  3  0Q 3  3  2  2  3  2  2  3  3  2  3  3  3  2  2  3  4  2  3  3  3  3  3  1  3  3  3  3  2  2  2  3  3  2  2  3  3  2  2  2  2  3  3  2  3  3  2  3  2  2  3  2  2  2  3  2  3  2  3  2  3  3  1  1  2  2  2  1  
3  2  2  1  3  3  3  0Q 3  2  2  3  2  3  3  2  2  2  2  2  2  3  3  3  2  3  3  3  3  3  3  3  3  2  2  3  2  2  3  3  2  3  3  3  2  2  3  3  2  4  3  3  3  3  2  3  2  3  3  2  2  3  3  2  3  2  2  3  3  3  1  2  3  2  3  3  2  3  3  2  3  2  2  3  2  2  2  3  2  3  2  3  2  2  2  2  1  2  2  2  
1  3  2  2  2  3  3  3  2  2  3  2  3  3  2  2  2  2  2  2  3  3  3  2  3  3  2  3  4  3  3  3  2  2  3  2  2  3  3  2  3  3  3  2  2  3  3  2  3  3  4  3  3  2  3  3  3  2  2  2  3  3  3  3  1  3  3  2  3  2  3  2  2  3  2  3  3  2  0Q 3  2  3  2  2  3  2  2  2  3  2  3  2  2  1  3  2  2  1  2  3  
3  1  3  3  2  2  3  2  2  3  2  3  3  2  2  2  2  2  2  3  3  3  2  3  3  2  3  3  3  4  3  2  2  3  2  2  3  3  2  3  3  3  2  2  3  3  2  3  3  0Q 3  4  2  3  3  3  3  2  1  3  3  3  3  2  3  2  3  3  1  3  3  3  2  2  3  2  3  3  2  3  3  2  3  2  2  3  2  2  2  3  2  2  1  3  1  3  2  2  2  2  
1  3  2  3  3  2  1  2  3  2  3  3  2  2  2  2  2  2  3  3  3  2  3  3  2  3  3  3  3  3  3  2  3  2  2  3  3  2  3  3  3  2  2  3  0Q 2  3  3  3  3  3  2  4  3  3  3  2  2  3  2  3  3  2  3  3  3  2  2  3  2  3  3  3  2  2  3  2  3  3  2  3  3  2  3  2  2  3  2  2  2  2  1  3  1  3  1  3  3  2  2  
4  3  1Q 3  4  3  2  3  3  4  4  3  3  3  3  3  3  4  4  4  3  4  4  3  4  4  4  4  4  3  3  5  3  3  4  4  3  4  4  4  3  3  4  4  3  4  4  4  4  4  3  4  4  5  4  3  3  4  4  4  3  3  4  4  4  4  3  3  4  4  3  4  4  4  3  3  4  3  4  4  3  4  4  3  1Q 3  3  4  3  2  2  4  2  4  2  4  3  4  4  2  
3  3  2  3  1  2  3  1  2  3  2  2  2  2  2  2  3  3  3  2  3  3  2  3  3  3  3  3  2  2  3  2  3  3  3  2  3  3  3  2  2  3  3  2  3  3  3  3  3  2  3  3  3  3  3  2  3  3  3  3  2  2  3  3  3  2  0Q 3  2  3  3  2  3  3  3  2  2  3  2  3  3  2  3  3  2  3  2  2  2  1  2  1  3  1  3  2  3  2  2  2  
2  3  3  1  2  2  2  3  2  1  2  2  2  2  2  3  3  3  2  3  3  2  3  3  3  3  3  2  2  3  2  2  3  4  2  3  3  3  2  2  3  3  2  3  3  3  3  3  2  3  3  3  3  2  2  4  3  3  3  2  0Q 3  2  3  2  3  3  3  3  2  3  3  2  3  3  3  2  2  3  2  3  3  2  3  3  2  3  1  1  3  1  2  1  3  2  3  2  2  1  3  
2  2  2  2  2  2  2  3  2  1  1  2  2  2  3  3  3  2  3  3  2  3  3  3  3  0Q 2  2  3  2  2  3  3  2  4  3  3  2  2  3  3  2  3  3  3  3  3  2  3  3  3  3  2  2  3  3  4  3  2  3  3  3  3  1  3  3  3  3  3  3  2  3  3  2  3  3  3  2  2  3  2  3  3  2  3  3  1  2  2  1  3  1  2  2  3  2  2  1  3  1  
2  1  1  3  2  2  3  1  2  2  1  1  2  3  3  3  2  3  3  2  3  3  3  3  3  2  2  3  2  2  3  3  2  3  3  4  2  2  3  3  2  3  3  3  3  3  2  3  3  3  3  2  2  3  3  3  3  3  3  3  3  3  2  3  2  0Q 3  3  3  3  3  2  3  3  2  3  3  3  2  2  3  2  3  3  2  2  2  2  2  2  1  3  2  2  2  2  1  3  1  2  
2  1  2  1  3  3  1  2  1  2  2  1  2  3  3  2  3  3  2  3  3  3  3  3  2  2  3  2  2  3  3  2  3  3  3  2  3  3  3  2  3  3  3  3  3  2  3  3  3  3  2  2  3  3  0Q 3  2  3  4  3  3  2  3  3  3  2  3  3  3  3  3  3  2  3  3  2  3  3  3  2  2  3  2  3  2  1  3  2  2  2  2  2  3  2  1  1  3  1  2  2  
2  3  1  2  2  2  2  1  2  1  2  3  2  2  2  3  3  2  3  3  3  0Q 3  2  2  3  2  2  3  3  2  3  3  3  2  2  3  4  2  3  3  3  3  3  2  3  3  3  3  2  2  3  3  3  3  2  3  3  3  4  2  3  3  3  3  3  2  3  3  3  3  3  3  2  3  3  2  3  3  3  2  2  3  1  2  3  1  3  2  2  3  2  2  2  1  2  1  2  2  4  
3  2  3  2  1  1  2  2  1  2  2  3  3  1  2  3  2  3  3  3  3  3  2  2  3  2  2  3  3  2  3  3  3  2  2  3  3  2  4  3  3  3  3  2  3  3  3  3  2  2  3  3  3  3  2  3  3  3  3  2  4  3  3  3  3  3  3  2  3  3  3  3  3  3  2  3  3  2  3  3  3  2  1  2  2  2  3  1  3  3  2  3  1  1  3  1  1  2  1Q 2  
1  3  3  2  1  1  1  2  2  2  3  2  2  3  2  1  3  3  3  3  3  2  2  3  2  2  3  3  2  3  3  3  2  2  3  3  2  3  3  4  3  3  2  3  3  3  3  2  2  3  3  3  3  2  3  3  3  3  2  3  3  4  3  3  3  3  3  3  2  3  3  3  3  3  3  2  3  3  2  3  3  2  1  2  2  2  2  0Q 2  3  3  1  2  2  1  2  2  3  2  3  
3  2  2  2  2  1  1  1  3  3  2  2  2  0Q 2  2  2  3  3  3  2  2  3  2  2  3  3  2  3  3  3  2  2  3  3  2  3  3  3  3  4  2  3  3  3  3  2  2  3  3  3  3  2  3  3  3  3  2  3  3  3  3  4  3  3  3  3  3  3  2  3  3  3  3  3  3  2  3  3  2  2  2  3  1  2  2  2  3  3  2  2  2  2  2  1  2  4  2  2  1  
2  2  1  2  2  2  1  2  2  3  2  2  3  1  3  3  2  2  3  2  2  3  2  2  3  3  2  3  3  3  2  2  3  3  2  3  3  3  3  3  2  4  3  3  3  2  2  3  3  3  3  2  3  3  3  3  2  3  3  3  3  3  3  4  3  3  3  0Q 3  3  2  3  3  3  3  3  3  2  3  2  1  3  2  3  1  2  3  2  3  2  1  3  2  1  3  3  2  3  1  1  
1  1  2  1  2  2  3  2  2  1  3  3  1  3  2  3  3  2  1  2  3  2  2  3  3  2  3  3  3  2  2  3  3  2  0Q 3  3  3  3  2  3  3  4  3  2  2  3  3  3  3  2  3  3  3  3  2  3  3  3  3  3  3  3  3  4  3  3  3  3  3  3  2  3  3  3  3  3  3  1  2  3  1  3  2  3  2  2  3  1  2  3  1  2  3  3  3  2  1  2  2  
1  1  1  2  1  3  3  3  1  2  2  2  3  2  3  2  3  2  1  2  2  2  3  3  2  3  3  3  2  2  0Q 3  2  3  3  3  3  3  2  3  3  3  3  3  2  3  3  3  3  2  3  3  3  3  2  3  3  3  3  3  3  3  3  3  3  4  3  3  3  3  3  3  2  3  3  3  3  2  2  2  2  3  1  3  3  3  2  1  2  2  2  2  2  4  3  2  2  1  2  2  
1  1  1  1  3  2  3  2  3  2  1  2  0Q 3  2  3  1  2  3  1  1  3  3  2  3  3  3  2  2  3  3  2  3  3  3  3  3  2  3  3  3  3  2  2  4  3  3  3  2  3  3  3  3  2  3  3  3  3  3  3  3  3  3  3  3  3  4  3  3  3  3  3  3  2  3  3  2  2  3  2  2  2  3  2  3  3  2  1  2  2  1  3  4  2  3  2  1  3  1  2  
1  1  1  2  2  3  1  3  3  2  2  2  2  3  3  1  2  2  2  2  2  2  2  3  3  3  2  2  3  3  2  3  3  3  3  3  2  3  3  3  3  2  2  3  3  4  3  2  3  3  3  3  2  3  3  3  3  3  3  3  3  3  0Q 3  3  3  3  4  3  3  3  3  3  3  2  2  2  3  2  3  2  2  3  3  2  2  2  3  1  1  3  3  3  3  1  2  3  1  3  1  
2  1  2  2  2  1  3  2  2  3  3  2  2  2  2  2  2  2  1  3  3  1  2  3  3  2  2  3  3  2  3  3  3  3  3  2  3  3  3  3  2  2  3  3  3  3  3  3  3  3  3  2  3  3  3  3  3  3  3  3  3  3  3  3  3  3  3  3  4  3  3  3  3  3  2  1  3  2  3  2  3  0Q 2  3  2  1  3  2  2  2  3  3  2  2  2  2  2  3  1  3  
1  3  2  2  1  2  2  2  2  3  3  3  2  1  1  3  2  1  3  2  2  3  2  2  2  2  3  3  2  3  3  3  3  3  2  3  3  3  3  2  2  3  3  3  3  2  3  4  3  3  2  3  3  3  3  3  3  3  0Q 3  3  3  3  3  3  3  3  3  3  4  3  3  3  2  2  3  1  3  2  3  3  3  3  1  2  3  1  2  3  4  2  2  2  1  3  2  2  2  3  1  
3  3  4  2  3  3  2  3  4  3  4  4  3  2  3  2  3  4  3  3  3  4  1Q 2  2  4  4  3  4  4  4  4  4  3  4  4  4  4  3  3  4  4  4  4  3  4  4  4  5  3  4  4  4  4  4  4  4  4  4  4  4  4  4  4  4  4  4  4  4  4  5  4  3  3  4  3  4  2  4  4  4  4  3  3  3  3  3  3  5  4  4  2  2  4  2  4  3  3  3  1Q 
3  2  1  3  2  1  2  2  2  3  2  2  2  3  1  1  2  3  2  2  3  2  2  2  2  2  2  3  3  3  3  3  2  3  3  3  3  2  2  3  3  3  3  2  3  3  0Q 3  2  4  3  3  3  3  3  3  3  3  3  3  3  3  3  3  3  3  3  3  3  3  3  3  2  3  2  3  2  3  2  3  3  2  2  3  2  1  3  4  2  3  2  2  2  1  3  1  3  2  2  2  
2  2  2  2  2  2  2  2  2  2  2  1  3  2  2  2  2  1  3  3  2  2  1  3  3  1  2  3  3  3  3  2  3  3  3  3  2  2  3  0Q 3  3  2  3  3  3  3  2  3  3  4  3  3  3  3  3  3  3  3  3  3  3  3  3  3  3  3  3  3  3  2  2  4  2  3  2  3  3  3  2  2  2  3  2  2  3  3  3  3  1  2  3  2  2  1  3  1  3  2  1  
1  2  3  1  2  3  2  2  2  1  1  3  1  2  3  3  1  2  2  3  2  1  3  2  2  3  2  2  3  3  2  3  3  3  3  2  2  3  3  3  3  2  3  3  3  3  2  3  3  3  0Q 4  3  3  3  3  3  3  3  3  3  3  3  3  3  3  3  3  3  2  2  3  2  4  2  3  3  3  3  2  1  3  2  2  3  4  3  2  2  2  2  2  3  2  2  1  3  1  2  2  
2  2  1  3  2  2  3  2  1  1  2  1  2  2  3  2  3  2  2  1  2  3  2  2  2  3  3  2  2  2  3  3  3  0Q 2  2  3  3  3  3  2  3  3  3  3  2  3  3  3  3  3  3  4  3  3  3  3  3  3  3  3  3  3  3  3  3  3  3  2  2  3  2  3  2  4  3  3  3  2  2  3  1  2  3  4  3  3  2  1  3  2  2  2  3  2  2  1  2  1  2  
2  1  2  2  3  2  2  2  1  2  1  1  2  3  1  0Q 3  3  1  1  2  3  2  2  3  2  3  3  1  2  3  3  3  2  2  3  3  3  3  2  3  3  3  3  2  3  3  3  3  3  3  3  3  4  3  3  3  3  3  3  3  3  3  3  3  3  3  2  2  3  2  3  2  3  3  4  3  2  2  3  2  2  2  4  3  3  2  2  3  1  3  2  2  2  3  2  1  1  2  1  
1  2  2  2  2  3  1  1  3  1  1  2  2  1  3  2  3  2  2  2  2  1  3  3  2  3  2  2  3  2  2  3  2  2  3  3  3  3  2  3  3  3  3  2  3  3  3  3  0Q 3  3  3  3  3  4  3  3  3  3  3  3  3  3  3  3  3  2  2  3  2  3  2  3  3  3  3  3  2  3  2  2  3  4  2  3  2  2  3  2  3  1  3  2  2  2  2  2  1  1  3  
0Q 2  2  2  2  1  2  2  1  2  2  2  1  2  2  3  1  2  3  3  1  2  2  3  3  2  2  2  3  3  2  1  2  3  3  3  3  2  3  3  3  3  2  3  3  3  3  3  3  3  3  3  3  3  3  4  3  3  3  3  3  3  3  3  3  2  2  3  2  3  2  3  3  3  3  2  2  4  2  2  3  4  3  3  1  2  3  2  3  2  3  1  3  2  1  2  2  2  2  2  
3  3  2  2  1  1  2  2  1  2  3  1  2  2  2  1  2  2  3  2  3  2  2  2  3  2  2  3  2  3  2  1  2  3  3  3  2  3  3  3  3  2  3  3  3  3  3  3  3  3  3  3  3  3  3  3  4  3  3  3  3  3  3  3  2  2  3  2  3  2  3  3  0Q 3  2  2  3  2  3  3  4  3  3  2  2  2  2  3  2  3  2  3  1  2  2  1  2  3  3  1  
2  3  3  1  1  2  1  1  3  2  1  3  2  2  1  1  2  3  1  3  3  3  2  2  1  3  3  2  3  1  2  3  2  2  3  2  3  3  3  3  2  3  3  3  3  3  3  3  3  3  3  3  3  3  3  3  3  4  3  0Q 3  3  3  2  2  3  2  3  2  3  3  3  3  2  2  3  2  2  3  5  3  3  2  2  3  2  2  2  3  2  3  2  2  1  2  2  2  3  2  2  
2  2  2  2  2  1  1  2  2  2  2  2  3  1  1  2  2  1  3  2  3  3  3  1  2  2  3  3  1  2  2  3  3  2  1  3  3  3  3  2  3  3  3  3  3  3  3  3  3  3  3  3  3  3  3  3  3  3  4  3  3  3  2  2  3  2  3  2  3  3  3  0Q 2  2  3  2  2  3  4  3  4  2  2  3  2  3  2  2  2  3  2  2  2  2  1  3  3  1  2  2  
2  1  1  3  2  1  2  2  1  2  0Q 2  1  2  2  2  1  2  2  3  2  3  2  3  2  2  2  2  2  2  3  2  3  2  2  2  3  3  2  3  3  3  3  3  3  3  3  3  3  3  3  3  3  3  3  3  3  3  3  4  3  2  2  3  2  3  2  3  3  3  3  2  2  3  2  2  3  4  3  3  2  3  3  2  3  2  3  2  2  2  2  2  2  2  3  2  2  2  1  2  
1  1  2  1  2  3  2  1  2  2  2  2  1  2  3  1  2  2  2  2  3  1  3  3  0Q 2  1  1  3  3  2  3  1  3  3  2  2  2  3  3  3  3  3  3  3  3  3  3  3  3  3  3  3  3  3  3  3  3  3  3  3  2  3  2  3  2  3  3  3  3  2  2  3  2  2  3  4  3  3  2  2  3  3  3  2  3  2  3  2  1  2  2  2  3  3  2  1  2  2  1  
1  2  1  1  2  3  2  2  2  2  1  1  3  2  1  3  2  2  2  2  1  3  2  3  3  2  1  2  2  3  3  1  3  2  3  3  1  2  3  3  3  3  3  3  3  3  3  3  3  3  3  3  3  3  3  3  3  3  3  2  2  4  2  3  2  3  3  3  3  2  2  3  2  2  3  4  0Q 3  2  2  3  2  3  3  3  2  3  2  2  2  1  2  3  3  2  2  2  1  2  3  
2  1  1  2  2  1  3  3  2  1  1  2  2  2  2  2  3  2  2  1  2  2  3  2  2  2  3  2  2  2  2  3  2  3  2  2  3  2  2  3  3  3  3  3  3  3  3  3  3  3  3  3  3  3  3  3  3  3  2  2  3  2  4  2  3  3  3  3  2  2  3  2  2  3  4  3  3  2  2  3  2  3  2  0Q 3  3  2  2  2  2  2  2  3  2  2  2  2  2  2  3  
1  1  2  2  1  2  2  3  2  1  2  2  1  2  3  2  2  3  1  2  2  2  2  2  1  3  3  3  2  1  2  3  3  2  2  2  3  3  2  2  3  3  3  3  3  3  3  3  3  3  3  3  3  3  3  3  3  2  2  3  2  3  2  4  3  3  3  2  2  0Q 2  2  3  4  3  3  2  2  3  2  3  2  3  2  3  3  2  2  2  2  3  3  1  2  2  2  2  3  3  2  
2  2  2  1  2  2  2  1  2  3  2  1  2  2  2  3  2  1  0Q 2  2  2  1  1  3  2  3  3  2  2  2  2  3  2  2  3  2  3  3  2  2  3  3  3  3  3  3  3  3  3  3  3  3  3  3  3  2  2  3  2  3  2  3  3  4  3  2  2  3  2  2  3  4  3  3  2  2  3  2  3  2  3  2  3  2  2  3  2  2  3  3  2  2  1  2  2  3  3  3  2  
2  3  1  2  2  2  1  1  2  3  2  2  2  2  2  2  2  2  2  3  2  1  1  2  2  3  2  2  3  3  2  2  1  3  3  2  3  2  3  3  2  2  3  3  3  3  3  3  3  3  3  3  3  0Q 3  2  2  3  2  3  2  3  3  3  3  3  2  3  2  2  3  4  3  3  2  2  3  2  3  2  3  2  3  2  2  2  2  3  3  3  2  2  2  2  1  3  3  3  2  3  
2  1  3  2  2  1  1  2  2  1  3  3  2  2  2  1  2  3  2  2  2  1  2  2  2  2  2  2  3  3  3  1  2  2  3  3  2  3  2  3  3  2  2  0Q 3  3  3  3  3  3  3  3  3  3  2  2  3  2  3  2  3  3  3  3  2  2  4  2  2  3  4  3  3  2  2  3  2  3  2  3  2  3  2  2  2  2  2  3  4  2  2  2  2  2  3  2  3  2  3  2  
1  2  2  3  1  1  2  2  1  2  2  3  3  2  1  2  2  2  3  1  1  3  2  2  2  1  2  3  2  3  2  3  2  2  2  3  3  2  3  2  3  3  2  2  3  3  3  3  3  3  3  3  0Q 2  2  3  2  3  2  3  3  3  3  2  2  3  2  3  3  4  3  3  2  2  3  2  3  2  3  2  3  2  2  2  2  2  3  3  2  3  2  2  2  3  3  3  1  3  2  2  
2  2  2  1  2  2  2  1  2  2  2  2  3  2  2  2  2  2  1  2  2  2  3  2  1  2  2  2  3  1  3  3  3  2  2  2  3  3  2  3  2  3  3  2  2  3  3  3  3  3  3  3  2  2  3  2  3  2  3  3  3  3  2  2  3  2  2  3  2Q 3  3  2  2  3  2  3  2  3  2  3  2  2  2  2  2  3  3  2  2  2  3  2  3  3  3  2  3  1  2  3  
2  2  1  1  2  3  1  2  2  2  2  2  1  3  3  2  2  1  1  2  3  2  2  2  2  2  2  2  1  3  2  3  3  3  2  2  2  3  3  2  3  2  3  3  2  2  3  3  3  3  3  2  2  3  2  3  2  3  3  3  3  2  2  3  2  2  3  4  3  4  2  2  3  2  3  2  3  2  3  2  2  2  2  2  3  3  2  2  2  2  2  4  0Q 3  2  3  2  2  2  2  
2  1  1  2  2  1  3  2  2  2  2  1  2  2  3  3  1  1  2  2  2  3  1  2  3  2  2  1  2  2  3  2  3  3  3  2  2  2  3  3  2  3  2  3  3  2  2  3  3  3  2  2  3  2  3  2  3  3  3  3  2  2  3  2  2  3  4  3  3  2  3  3  2  3  2  3  2  3  2  2  2  2  2  3  3  2  2  2  2  2  3  3  4  2  0Q 2  2  3  2  1  
1  1  2  2  1  2  2  3  2  2  1  2  2  2  2  2  2  2  2  2  2  1  3  2  2  3  1  2  2  2  2  3  2  3  3  3  2  2  2  3  3  2  3  2  3  3  2  2  3  2  2  3  2  3  2  3  3  3  3  2  2  3  2  2  3  4  3  3  2  2  3  3  3  2  3  2  3  2  2  2  2  2  3  3  2  2  2  2  2  3  3  3  2  4  2  2  0Q 2  2  2  
1  2  2  1  2  2  2  2  3  1  2  2  2  2  1  1  3  3  2  2  1  2  2  3  2  1  3  2  2  2  2  2  3  2  3  3  3  2  2  2  3  3  2  3  2  3  3  2  1  2  3  2  3  2  3  3  3  3  2  2  3  2  2  3  4  3  3  2  2  3  2  3  3  3  2  3  2  2  2  2  2  3  0Q 2  2  2  2  2  3  3  3  2  3  2  3  3  2  2  2  2  
1  1  0  1  1  1  1  1  0  2  1  1  1  0  0  1  1  2  2  0  1  1  1  1  1  1  1  2  1  1  1  1  1  2  1  2  2  2  1  1  1  2  2  1  2  1  2  1  0  1  1  2  1  2  2  2  2  1  1  2  1  1  2  3  2  2  1  1  2  1  2  1  2  2  2  1  1  1  1  1  2  2  1  1  1  1  1  2  2  2  1  2  1  1  2  2  1  1  1  2  
2  1  2  2  2  2  2  1  2  2  3  2  1  1  2  2  2  2  2  3  2  2  2  1  2  3  2  2  3  2  2  2  2  2  3  2  3  3  3  2  2  2  3  3  2  3  1  2  3  1  2  2  3  3  3  3  2  2  3  2  2  3  4  3  0Q 2  2  3  2  3  2  3  2  3  3  2  2  2  2  3  3  2  2  2  2  2  3  3  3  2  3  2  2  3  2  2  3  2  3  2  
2  2  2  2  2  2  1  2  2  2  2  2  1  2  2  2  2  1  2  3  3  2  1  2  2  2  3  2  2  3  2  2  2  2  2  3  2  3  3  3  2  2  2  3  3  1  2  2  2  3  1  2  3  3  3  2  2  3  2  2  3  4  3  3  2  2  3  2  3  2  3  2  3  2  2  3  2  2  3  3  2  2  2  2  2  3  3  3  2  3  2  2  3  2  2  2  2  1Q 2  3  
2  2  1  1  1  0  1  1  1  1  0  0  2  1  1  1  0  1  1  1  2  1  1  1  1  1  1  2  1  1  2  1  1  1  1  1  2  1  2  2  2  1  1  1  1  1  1  1  1  1  2  1  1  2  1  1  2  1  1  2  3  2  2  1  1  2  1  2  1  2  1  2  1  1  1  1  2  2  2  1  1  1  1  1  2  2  2  1  2  1  1  2  1  1  1  1  2  1  3  1  
3  3  3  2  1  2  2  2  2  1  1  2  2  3  2  1  2  2  2  2  1  3  3  2  2  2  2  2  3  2  2  3  2  2  2  2  2  3  2  3  0Q 3  2  1  1  3  2  2  2  2  3  3  2  1  2  3  2  2  3  4  3  3  2  2  3  2  3  2  3  2  3  2  2  2  2  2  3  4  2  2  2  2  2  3  3  3  2  3  2  2  3  2  2  2  2  3  2  3  2  3  
3  3  3  2  2  2  2  2  1  1  2  2  2  2  2  2  2  2  2  1  2  2  3  3  2  2  2  2  2  3  2  2  3  2  2  2  2  2  3  2  3  3  2  1  2  1  3  2  2  3  2  3  2  1  2  2  2  0Q 4  3  3  2  2  3  2  3  2  3  2  3  2  2  2  2  2  3  3  2  3  2  2  2  3  3  3  2  3  2  2  3  2  2  2  2  3  2  3  2  2  2  
2  3  2  3  3  2  2  1  1  2  2  2  2  1  2  3  2  2  1  2  2  2  2  3  3  2  2  2  2  2  3  2  2  3  2  2  2  2  2  3  2  2  2  3  1  2  1  3  3  2  3  1  2  3  1  1  3  4  3  3  2  2  3  2  3  2  3  2  3  2  2  2  2  2  0Q 3  2  2  2  3  2  3  3  3  2  3  2  2  3  2  2  2  2  3  2  3  2  2  2  2  
2  1  3  3  3  3  1  1  2  2  2  2  1  2  2  2  3  1  2  2  2  2  2  2  3  3  2  2  2  2  2  3  2  2  3  2  2  2  2  2  2  1  3  2  3  1  2  2  3  3  1  2  2  2  2  2  3  3  3  2  2  3  2  0Q 2  3  2  3  2  2  2  2  2  3  3  2  2  2  2  2  4  3  3  2  3  2  2  3  2  2  2  2  3  2  3  2  2  2  2  2  
1  2  2  3  3  2  2  2  2  2  2  1  2  2  2  2  1  3  2  2  2  2  2  2  2  3  3  2  2  2  2  2  3  2  2  3  2  2  2  1  1  3  1  3  2  3  2  2  2  2  2  2  2  1  3  4  2  2  2  2  3  2  3  2  3  2  3  2  2  2  2  2  3  3  2  2  2  2  2  3  3  4  2  3  2  2  3  2  2  2  2  3  2  0Q 2  2  2  2  2  3  
2  2  2  2  2  2  3  3  2  2  1  2  2  2  2  1  2  2  3  2  2  2  2  2  2  2  3  3  2  2  2  2  2  3  2  2  3  2  1  1  2  1  0Q 1  3  3  3  2  1  1  3  2  1  3  3  3  3  1  1  3  2  3  2  3  2  3  2  2  2  2  2  3  3  2  2  2  2  2  3  3  3  2  4  2  2  3  2  2  2  2  3  2  3  2  2  2  2  2  3  2  
2  2  2  1  1  0Q 3  3  3  1  2  2  2  2  1  2  2  2  2  3  2  2  2  2  2  2  2  3  3  2  2  2  2  2  3  2  2  2  1  2  1  2  1  3  2  3  3  2  1  2  1  2  3  3  3  2  2  2  2  1  3  2  3  2  3  2  2  2  2  2  3  3  2  2  2  2  2  3  3  3  2  3  2  3  3  2  2  2  2  3  2  3  2  2  2  2  2  3  2  2  
2  2  1  1  2  2  3  3  2  3  2  2  2  1  2  2  2  2  2  2  3  2  2  2  2  2  2  2  0Q 3  2  2  2  2  2  3  1  1  3  1  2  1  2  2  3  2  2  2  3  1  1  2  4  3  2  2  1  3  2  2  1  3  2  3  2  2  2  2  2  3  3  2  2  2  2  2  3  3  3  2  3  2  2  3  3  2  2  2  3  2  3  2  2  2  2  2  3  2  2  2  
2  1  1  2  2  2  2  2  3  0Q 3  2  1  2  2  2  2  2  2  2  2  3  2  2  2  2  2  2  2  3  3  2  2  2  2  1  2  2  1  3  1  2  2  2  2  2  1  3  2  2  2  3  2  3  2  1  3  1  3  2  2  1  3  2  2  2  2  2  3  3  2  2  2  2  2  3  3  3  2  3  2  2  3  2  2  3  2  3  2  3  2  2  2  2  2  3  2  2  2  2  
1  1  2  2  2  2  1  2  3  3  3  2  2  2  2  2  2  2  2  2  2  2  3  2  2  2  2  2  2  2  3  3  2  2  1  1  2  2  2  1  3  2  2  2  1  1  3  1  2  3  4  2  2  1  2  0Q 1  3  1  3  2  2  1  2  2  2  2  3  3  2  2  2  2  2  3  3  3  2  3  2  2  3  2  2  2  2  4  2  3  2  2  2  2  2  3  2  2  2  2  2  
1  2  2  2  2  1  2  2  2  3  2  3  3  2  2  2  2  2  2  2  2  2  2  3  2  2  2  2  2  2  2  3  3  1  1  2  1  2  2  2  2  3  2  1  1  2  1  2  2  4  3  3  1  1  2  2  3  1  3  1  3  2  1  1  2  2  3  3  2  2  2  2  2  0Q 3  3  2  3  2  2  3  2  2  2  2  3  2  4  2  2  2  2  2  3  2  2  2  2  2  2  
2  2  2  2  1  2  2  2  2  1  3  0Q 3  3  2  2  2  2  2  2  2  2  2  2  3  2  2  2  2  2  2  2  2  2  2  1  2  1  2  3  2  2  2  1  2  1  1  2  4  2  3  2  2  2  1  2  2  3  1  3  1  2  2  1  1  3  3  2  2  2  2  2  3  3  3  2  3  2  2  3  2  2  2  2  3  2  3  2  3  2  2  2  3  2  2  2  2  2  2  2  
2  2  2  1  2  2  2  2  1  2  2  3  3  3  0Q 2  2  2  2  2  2  2  2  2  2  3  2  2  2  2  2  1  1  3  2  2  1  2  2  2  3  1  1  3  1  1  2  3  2  3  1  2  3  2  2  1  2  2  3  1  2  1  2  2  2  2  2  2  2  2  2  3  3  3  2  3  2  2  3  2  2  2  2  3  2  3  2  2  2  3  2  3  2  2  2  2  2  2  2  2  
2  2  1  2  2  2  2  1  2  2  2  2  3  3  3  3  2  2  2  2  2  2  2  2  2  2  3  2  2  2  1  1  2  1  3  2  2  2  2  2  1  2  2  1  2  2  3  2  2  1  2  2  2  3  2  2  1  2  2  2  1  2  1  3  3  1  1  2  2  2  3  3  3  2  3  2  2  3  2  2  2  2  3  2  3  2  2  2  2  2  1Q 2  2  2  2  2  2  2  2  2  
1  0  1  1  1  1  0  1  1  1  1  1  1  2  2  2  2  1  1  1  1  1  1  1  1  1  1  2  1  0  0  1  0  1  0  2  2  1  1  0  0  1  1  0  1  3  1  1  0  0  1  1  1  1  2  1  1  0  0  1  1  0  2  1  1  1  0  0  1  2  2  2  1  2  1  1  2  1  1  1  1  2  1  2  1  1  1  1  1  2  1  2  1  1  1  1  1  1  1  1  
1  2  2  2  2  1  2  2  2  2  2  2  2  2  3  3  3  3  2  2  2  2  2  2  2  2  2  2  2  1  2  1  2  1  2  2  3  3  1  1  2  1  1  3  3  2  3  1  1  2  1  2  2  2  2  3  2  1  1  1  2  3  2  2  1  2  2  1  2  3  0Q 2  3  2  2  3  2  2  2  2  3  2  3  2  2  2  2  2  3  2  2  2  3  2  2  2  2  2  2  2  
2  2  2  2  1  2  2  2  2  2  2  2  2  2  2  3  3  3  3  2  2  2  2  2  2  2  2  1  1  0Q 1  2  1  2  2  2  2  2  2  2  1  1  2  3  3  2  1  2  2  1  2  1  2  2  2  2  2  2  1  1  2  3  2  1  2  1  2  3  2  2  2  3  2  2  3  2  2  2  2  3  2  3  2  2  2  2  2  3  2  2  2  2  2  3  2  2  2  2  2  2  

